- id: 0
  frame_id: map
  confidence: 100
  pose:
    position: 
      x: 1.55602972687
      y: -0.447521453519
      z: 0.5
    orientation: 
      x: 0.0251335002546
      y: 0.70665996573
      z: 0.70665996573
      w: 0.0251335002546
- id: 1
  frame_id: map
  confidence: 100
  pose: 
    position: 
      x: 0.54652444748
      y: -0.419852071377
      z: 0.5
    orientation: 
      x: 0.00925372385336
      y: 0.707046228047
      z: 0.707046228047
      w: 0.00925372385336
