- id: 0
  frame_id: map
  confidence: 100
  pose:
    position: 
      x: 0.190463037918
      y: 0.187631242666
      z: 0.326786081635
    orientation: 
      x: -0.5009095241
      y: 0.527843056325
      z: 0.499097272263
      w: -0.470503208677
