- id: 4
  frame_id: map
  confidence: 100
  pose:
    position: 
      x: 0.909330186825
      y: 1.04255914925
      z: 0.299877156347
    orientation: 
      x: 0.62581570347
      y: -0.374301303824
      z: -0.339236337256
      w: 0.594282716164
