- id: 11
  frame_id: map
  confidence: 100
  pose:
    position: 
      x: 1.14555193253
      y: 1.37536762837
      z: 0.366167748695
    orientation: 
      x: 0.707459568392
      y: -0.406336517459
      z: -0.324742091853
      w: 0.478470654742
